1600
0 1 4
1 5 7
2 8 10
3 11 12
4 13 13
5 14 14
6 15 17
7 18 20
8 21 22
9 23 23
10 24 24
11 25 26
12 27 30
13 31 31
14 32 33
15 34 35
16 36 36
17 37 38
18 39 39
19 40 41
20 42 42
21 43 44
22 45 48
23 49 50
24 51 54
25 55 55
26 56 58
27 59 61
28 62 63
29 64 65
30 66 69
31 70 73
32 74 74
33 75 78
34 79 82
35 83 85
36 86 86
37 87 89
38 90 90
39 91 91
40 92 94
41 95 97
42 98 100
43 101 101
44 102 104
45 105 107
46 108 108
47 109 110
48 111 113
49 114 116
50 117 118
51 119 121
52 122 124
53 125 128
54 129 129
55 130 132
56 133 133
57 134 135
58 136 139
59 140 142
60 143 144
61 145 146
62 147 150
63 151 153
64 154 157
65 158 159
66 160 160
67 161 162
68 163 163
69 164 167
70 168 171
71 172 175
72 176 176
73 177 179
74 180 180
75 181 182
76 183 186
77 187 189
78 190 193
79 194 195
80 196 198
81 199 200
82 201 201
83 202 204
84 205 205
85 206 207
86 208 210
87 211 212
88 213 216
89 217 220
90 221 222
91 223 226
92 227 228
93 229 230
94 231 231
95 232 232
96 233 233
97 234 235
98 236 237
99 238 239
100 240 242
101 243 245
102 246 249
103 250 250
104 251 251
105 252 252
106 253 255
107 256 259
108 260 262
109 263 264
110 265 265
111 266 268
112 269 272
113 273 276
114 277 278
115 279 279
116 280 280
117 281 281
118 282 282
119 283 286
120 287 289
121 290 290
122 291 293
123 294 297
124 298 299
125 300 302
126 303 304
127 305 308
128 309 309
129 310 312
130 313 315
131 316 318
132 319 321
133 322 324
134 325 326
135 327 328
136 329 329
137 330 330
138 331 332
139 333 335
140 336 339
141 340 341
142 342 342
143 343 346
144 347 347
145 348 350
146 351 352
147 353 353
148 354 356
149 357 360
150 361 363
151 364 365
152 366 369
153 370 370
154 371 371
155 372 372
156 373 376
157 377 379
158 380 382
159 383 384
160 385 388
161 389 389
162 390 393
163 394 395
164 396 396
165 397 398
166 399 402
167 403 406
168 407 410
169 411 414
170 415 417
171 418 418
172 419 422
173 423 426
174 427 428
175 429 430
176 431 432
177 433 435
178 436 438
179 439 442
180 443 444
181 445 445
182 446 449
183 450 453
184 454 454
185 455 457
186 458 458
187 459 462
188 463 466
189 467 470
190 471 473
191 474 477
192 478 481
193 482 482
194 483 483
195 484 485
196 486 489
197 490 492
198 493 496
199 497 499
200 500 500
201 501 503
202 504 507
203 508 508
204 509 509
205 510 512
206 513 514
207 515 516
208 517 520
209 521 523
210 524 526
211 527 530
212 531 533
213 534 534
214 535 537
215 538 538
216 539 542
217 543 543
218 544 544
219 545 545
220 546 546
221 547 548
222 549 552
223 553 556
224 557 559
225 560 563
226 564 564
227 565 566
228 567 570
229 571 573
230 574 577
231 578 578
232 579 580
233 581 583
234 584 586
235 587 587
236 588 590
237 591 594
238 595 598
239 599 599
240 600 600
241 601 602
242 603 603
243 604 606
244 607 607
245 608 608
246 609 612
247 613 614
248 615 615
249 616 618
250 619 619
251 620 621
252 622 622
253 623 623
254 624 624
255 625 627
256 628 631
257 632 633
258 634 637
259 638 638
260 639 642
261 643 645
262 646 646
263 647 647
264 648 648
265 649 650
266 651 653
267 654 655
268 656 659
269 660 660
270 661 662
271 663 665
272 666 667
273 668 669
274 670 672
275 673 674
276 675 675
277 676 677
278 678 680
279 681 681
280 682 685
281 686 687
282 688 691
283 692 694
284 695 696
285 697 699
286 700 702
287 703 705
288 706 707
289 708 710
290 711 714
291 715 716
292 717 719
293 720 721
294 722 724
295 725 725
296 726 729
297 730 732
298 733 734
299 735 738
300 739 741
301 742 745
302 746 749
303 750 752
304 753 754
305 755 755
306 756 757
307 758 760
308 761 761
309 762 765
310 766 767
311 768 769
312 770 772
313 773 776
314 777 777
315 778 778
316 779 779
317 780 781
318 782 784
319 785 785
320 786 786
321 787 790
322 791 793
323 794 794
324 795 796
325 797 797
326 798 798
327 799 799
328 800 803
329 804 805
330 806 806
331 807 808
332 809 812
333 813 814
334 815 815
335 816 818
336 819 820
337 821 824
338 825 825
339 826 828
340 829 831
341 832 832
342 833 836
343 837 837
344 838 838
345 839 839
346 840 841
347 842 842
348 843 844
349 845 847
350 848 850
351 851 854
352 855 858
353 859 859
354 860 862
355 863 864
356 865 868
357 869 872
358 873 875
359 876 879
360 880 882
361 883 883
362 884 887
363 888 890
364 891 894
365 895 896
366 897 900
367 901 903
368 904 905
369 906 909
370 910 910
371 911 913
372 914 915
373 916 916
374 917 918
375 919 919
376 920 920
377 921 923
378 924 924
379 925 927
380 928 930
381 931 932
382 933 934
383 935 936
384 937 937
385 938 939
386 940 940
387 941 943
388 944 946
389 947 947
390 948 949
391 950 950
392 951 954
393 955 957
394 958 961
395 962 963
396 964 965
397 966 967
398 968 968
399 969 969
400 970 973
401 974 976
402 977 979
403 980 981
404 982 982
405 983 986
406 987 989
407 990 993
408 994 994
409 995 998
410 999 999
411 1000 1000
412 1001 1001
413 1002 1005
414 1006 1008
415 1009 1009
416 1010 1011
417 1012 1014
418 1015 1015
419 1016 1016
420 1017 1017
421 1018 1018
422 1019 1022
423 1023 1024
424 1025 1026
425 1027 1028
426 1029 1032
427 1033 1034
428 1035 1038
429 1039 1040
430 1041 1044
431 1045 1045
432 1046 1049
433 1050 1051
434 1052 1055
435 1056 1056
436 1057 1059
437 1060 1062
438 1063 1063
439 1064 1064
440 1065 1068
441 1069 1069
442 1070 1073
443 1074 1077
444 1078 1079
445 1080 1081
446 1082 1084
447 1085 1087
448 1088 1091
449 1092 1094
450 1095 1098
451 1099 1100
452 1101 1103
453 1104 1104
454 1105 1107
455 1108 1108
456 1109 1112
457 1113 1116
458 1117 1120
459 1121 1122
460 1123 1126
461 1127 1128
462 1129 1131
463 1132 1134
464 1135 1135
465 1136 1136
466 1137 1140
467 1141 1144
468 1145 1146
469 1147 1149
470 1150 1153
471 1154 1157
472 1158 1161
473 1162 1162
474 1163 1166
475 1167 1167
476 1168 1170
477 1171 1173
478 1174 1175
479 1176 1178
480 1179 1179
481 1180 1183
482 1184 1184
483 1185 1185
484 1186 1187
485 1188 1190
486 1191 1191
487 1192 1195
488 1196 1196
489 1197 1200
490 1201 1203
491 1204 1207
492 1208 1208
493 1209 1210
494 1211 1212
495 1213 1214
496 1215 1217
497 1218 1218
498 1219 1222
499 1223 1224
500 1225 1227
501 1228 1230
502 1231 1233
503 1234 1237
504 1238 1238
505 1239 1239
506 1240 1243
507 1244 1247
508 1248 1248
509 1249 1250
510 1251 1251
511 1252 1254
512 1255 1255
513 1256 1257
514 1258 1258
515 1259 1262
516 1263 1263
517 1264 1264
518 1265 1265
519 1266 1266
520 1267 1267
521 1268 1270
522 1271 1274
523 1275 1278
524 1279 1282
525 1283 1286
526 1287 1290
527 1291 1294
528 1295 1295
529 1296 1297
530 1298 1301
531 1302 1302
532 1303 1303
533 1304 1306
534 1307 1310
535 1311 1314
536 1315 1318
537 1319 1320
538 1321 1321
539 1322 1322
540 1323 1325
541 1326 1326
542 1327 1329
543 1330 1333
544 1334 1337
545 1338 1338
546 1339 1342
547 1343 1345
548 1346 1348
549 1349 1349
550 1350 1353
551 1354 1357
552 1358 1358
553 1359 1360
554 1361 1361
555 1362 1364
556 1365 1365
557 1366 1366
558 1367 1367
559 1368 1371
560 1372 1375
561 1376 1377
562 1378 1379
563 1380 1380
564 1381 1382
565 1383 1385
566 1386 1389
567 1390 1393
568 1394 1395
569 1396 1397
570 1398 1400
571 1401 1403
572 1404 1404
573 1405 1405
574 1406 1406
575 1407 1407
576 1408 1410
577 1411 1414
578 1415 1416
579 1417 1420
580 1421 1423
581 1424 1426
582 1427 1429
583 1430 1432
584 1433 1436
585 1437 1439
586 1440 1442
587 1443 1443
588 1444 1446
589 1447 1448
590 1449 1451
591 1452 1454
592 1455 1455
593 1456 1458
594 1459 1460
595 1461 1462
596 1463 1464
597 1465 1468
598 1469 1470
599 1471 1471
600 1472 1473
601 1474 1474
602 1475 1476
603 1477 1479
604 1480 1481
605 1482 1482
606 1483 1484
607 1485 1488
608 1489 1489
609 1490 1492
610 1493 1493
611 1494 1495
612 1496 1498
613 1499 1502
614 1503 1503
615 1504 1506
616 1507 1507
617 1508 1511
618 1512 1512
619 1513 1514
620 1515 1515
621 1516 1516
622 1517 1517
623 1518 1521
624 1522 1523
625 1524 1526
626 1527 1528
627 1529 1529
628 1530 1533
629 1534 1535
630 1536 1539
631 1540 1540
632 1541 1542
633 1543 1544
634 1545 1545
635 1546 1546
636 1547 1547
637 1548 1551
638 1552 1552
639 1553 1556
640 1557 1558
641 1559 1559
642 1560 1560
643 1561 1564
644 1565 1567
645 1568 1570
646 1571 1571
647 1572 1574
648 1575 1575
649 1576 1578
650 1579 1580
651 1581 1582
652 1583 1586
653 1587 1588
654 1589 1592
655 1593 1595
656 1596 1599
657 1600 1602
658 1603 1604
659 1605 1606
660 1607 1609
661 1610 1610
662 1611 1614
663 1615 1616
664 1617 1618
665 1619 1621
666 1622 1625
667 1626 1626
668 1627 1630
669 1631 1632
670 1633 1636
671 1637 1638
672 1639 1642
673 1643 1644
674 1645 1646
675 1647 1648
676 1649 1649
677 1650 1651
678 1652 1655
679 1656 1656
680 1657 1660
681 1661 1661
682 1662 1663
683 1664 1664
684 1665 1668
685 1669 1671
686 1672 1675
687 1676 1679
688 1680 1681
689 1682 1684
690 1685 1686
691 1687 1688
692 1689 1690
693 1691 1693
694 1694 1694
695 1695 1698
696 1699 1701
697 1702 1703
698 1704 1705
699 1706 1707
700 1708 1711
701 1712 1712
702 1713 1713
703 1714 1716
704 1717 1717
705 1718 1719
706 1720 1723
707 1724 1726
708 1727 1730
709 1731 1733
710 1734 1737
711 1738 1741
712 1742 1743
713 1744 1744
714 1745 1745
715 1746 1749
716 1750 1753
717 1754 1756
718 1757 1758
719 1759 1759
720 1760 1762
721 1763 1764
722 1765 1767
723 1768 1770
724 1771 1771
725 1772 1772
726 1773 1775
727 1776 1776
728 1777 1779
729 1780 1782
730 1783 1785
731 1786 1787
732 1788 1788
733 1789 1792
734 1793 1795
735 1796 1797
736 1798 1799
737 1800 1800
738 1801 1802
739 1803 1803
740 1804 1807
741 1808 1808
742 1809 1812
743 1813 1813
744 1814 1815
745 1816 1818
746 1819 1822
747 1823 1826
748 1827 1830
749 1831 1831
750 1832 1834
751 1835 1836
752 1837 1838
753 1839 1839
754 1840 1841
755 1842 1842
756 1843 1845
757 1846 1848
758 1849 1850
759 1851 1851
760 1852 1852
761 1853 1855
762 1856 1859
763 1860 1862
764 1863 1863
765 1864 1864
766 1865 1867
767 1868 1868
768 1869 1871
769 1872 1872
770 1873 1876
771 1877 1879
772 1880 1881
773 1882 1884
774 1885 1886
775 1887 1887
776 1888 1891
777 1892 1894
778 1895 1895
779 1896 1897
780 1898 1898
781 1899 1901
782 1902 1902
783 1903 1903
784 1904 1905
785 1906 1909
786 1910 1913
787 1914 1917
788 1918 1921
789 1922 1924
790 1925 1925
791 1926 1928
792 1929 1932
793 1933 1934
794 1935 1938
795 1939 1940
796 1941 1942
797 1943 1945
798 1946 1949
799 1950 1950
800 1951 1954
801 1955 1955
802 1956 1958
803 1959 1960
804 1961 1961
805 1962 1962
806 1963 1964
807 1965 1966
808 1967 1969
809 1970 1970
810 1971 1974
811 1975 1977
812 1978 1979
813 1980 1981
814 1982 1984
815 1985 1988
816 1989 1989
817 1990 1992
818 1993 1994
819 1995 1996
820 1997 1999
821 2000 2000
822 2001 2004
823 2005 2005
824 2006 2007
825 2008 2009
826 2010 2013
827 2014 2017
828 2018 2021
829 2022 2024
830 2025 2028
831 2029 2030
832 2031 2032
833 2033 2036
834 2037 2038
835 2039 2041
836 2042 2043
837 2044 2046
838 2047 2048
839 2049 2051
840 2052 2055
841 2056 2058
842 2059 2061
843 2062 2062
844 2063 2063
845 2064 2067
846 2068 2071
847 2072 2074
848 2075 2077
849 2078 2081
850 2082 2084
851 2085 2087
852 2088 2089
853 2090 2093
854 2094 2094
855 2095 2095
856 2096 2098
857 2099 2102
858 2103 2106
859 2107 2108
860 2109 2112
861 2113 2116
862 2117 2120
863 2121 2122
864 2123 2124
865 2125 2127
866 2128 2130
867 2131 2134
868 2135 2138
869 2139 2141
870 2142 2145
871 2146 2147
872 2148 2149
873 2150 2150
874 2151 2151
875 2152 2153
876 2154 2157
877 2158 2158
878 2159 2159
879 2160 2160
880 2161 2161
881 2162 2162
882 2163 2164
883 2165 2166
884 2167 2168
885 2169 2172
886 2173 2176
887 2177 2180
888 2181 2181
889 2182 2182
890 2183 2183
891 2184 2184
892 2185 2186
893 2187 2188
894 2189 2190
895 2191 2194
896 2195 2197
897 2198 2199
898 2200 2201
899 2202 2204
900 2205 2207
901 2208 2209
902 2210 2211
903 2212 2213
904 2214 2217
905 2218 2220
906 2221 2221
907 2222 2223
908 2224 2225
909 2226 2226
910 2227 2228
911 2229 2230
912 2231 2234
913 2235 2236
914 2237 2240
915 2241 2242
916 2243 2245
917 2246 2246
918 2247 2249
919 2250 2250
920 2251 2253
921 2254 2255
922 2256 2258
923 2259 2260
924 2261 2262
925 2263 2264
926 2265 2268
927 2269 2269
928 2270 2273
929 2274 2274
930 2275 2276
931 2277 2278
932 2279 2279
933 2280 2280
934 2281 2284
935 2285 2287
936 2288 2291
937 2292 2293
938 2294 2296
939 2297 2297
940 2298 2300
941 2301 2301
942 2302 2303
943 2304 2304
944 2305 2306
945 2307 2309
946 2310 2310
947 2311 2311
948 2312 2315
949 2316 2319
950 2320 2321
951 2322 2325
952 2326 2328
953 2329 2331
954 2332 2332
955 2333 2336
956 2337 2337
957 2338 2339
958 2340 2341
959 2342 2344
960 2345 2346
961 2347 2350
962 2351 2354
963 2355 2358
964 2359 2361
965 2362 2362
966 2363 2365
967 2366 2367
968 2368 2371
969 2372 2372
970 2373 2373
971 2374 2374
972 2375 2377
973 2378 2381
974 2382 2385
975 2386 2387
976 2388 2388
977 2389 2392
978 2393 2394
979 2395 2395
980 2396 2396
981 2397 2397
982 2398 2398
983 2399 2401
984 2402 2403
985 2404 2405
986 2406 2407
987 2408 2408
988 2409 2410
989 2411 2412
990 2413 2415
991 2416 2418
992 2419 2419
993 2420 2420
994 2421 2421
995 2422 2423
996 2424 2425
997 2426 2427
998 2428 2428
999 2429 2432
1000 2433 2434
1001 2435 2436
1002 2437 2438
1003 2439 2440
1004 2441 2444
1005 2445 2447
1006 2448 2448
1007 2449 2449
1008 2450 2450
1009 2451 2453
1010 2454 2455
1011 2456 2456
1012 2457 2459
1013 2460 2463
1014 2464 2464
1015 2465 2465
1016 2466 2468
1017 2469 2471
1018 2472 2472
1019 2473 2474
1020 2475 2476
1021 2477 2480
1022 2481 2481
1023 2482 2485
1024 2486 2488
1025 2489 2490
1026 2491 2493
1027 2494 2494
1028 2495 2498
1029 2499 2502
1030 2503 2504
1031 2505 2507
1032 2508 2508
1033 2509 2510
1034 2511 2513
1035 2514 2515
1036 2516 2516
1037 2517 2517
1038 2518 2519
1039 2520 2523
1040 2524 2524
1041 2525 2528
1042 2529 2530
1043 2531 2534
1044 2535 2537
1045 2538 2541
1046 2542 2542
1047 2543 2543
1048 2544 2547
1049 2548 2550
1050 2551 2552
1051 2553 2555
1052 2556 2559
1053 2560 2561
1054 2562 2564
1055 2565 2565
1056 2566 2566
1057 2567 2570
1058 2571 2573
1059 2574 2575
1060 2576 2577
1061 2578 2580
1062 2581 2583
1063 2584 2587
1064 2588 2590
1065 2591 2594
1066 2595 2598
1067 2599 2600
1068 2601 2601
1069 2602 2602
1070 2603 2604
1071 2605 2605
1072 2606 2609
1073 2610 2612
1074 2613 2613
1075 2614 2617
1076 2618 2619
1077 2620 2623
1078 2624 2625
1079 2626 2629
1080 2630 2631
1081 2632 2633
1082 2634 2637
1083 2638 2638
1084 2639 2639
1085 2640 2642
1086 2643 2643
1087 2644 2646
1088 2647 2649
1089 2650 2652
1090 2653 2656
1091 2657 2657
1092 2658 2660
1093 2661 2663
1094 2664 2665
1095 2666 2668
1096 2669 2672
1097 2673 2673
1098 2674 2674
1099 2675 2678
1100 2679 2681
1101 2682 2684
1102 2685 2687
1103 2688 2689
1104 2690 2690
1105 2691 2691
1106 2692 2693
1107 2694 2695
1108 2696 2698
1109 2699 2700
1110 2701 2703
1111 2704 2704
1112 2705 2705
1113 2706 2708
1114 2709 2711
1115 2712 2713
1116 2714 2716
1117 2717 2720
1118 2721 2721
1119 2722 2724
1120 2725 2728
1121 2729 2732
1122 2733 2734
1123 2735 2735
1124 2736 2738
1125 2739 2740
1126 2741 2742
1127 2743 2743
1128 2744 2744
1129 2745 2748
1130 2749 2749
1131 2750 2752
1132 2753 2753
1133 2754 2754
1134 2755 2755
1135 2756 2758
1136 2759 2759
1137 2760 2760
1138 2761 2764
1139 2765 2765
1140 2766 2768
1141 2769 2771
1142 2772 2772
1143 2773 2773
1144 2774 2776
1145 2777 2779
1146 2780 2783
1147 2784 2785
1148 2786 2788
1149 2789 2790
1150 2791 2793
1151 2794 2794
1152 2795 2796
1153 2797 2797
1154 2798 2800
1155 2801 2801
1156 2802 2803
1157 2804 2805
1158 2806 2806
1159 2807 2807
1160 2808 2808
1161 2809 2811
1162 2812 2813
1163 2814 2815
1164 2816 2818
1165 2819 2821
1166 2822 2823
1167 2824 2826
1168 2827 2830
1169 2831 2831
1170 2832 2834
1171 2835 2837
1172 2838 2839
1173 2840 2842
1174 2843 2845
1175 2846 2848
1176 2849 2849
1177 2850 2850
1178 2851 2851
1179 2852 2854
1180 2855 2857
1181 2858 2861
1182 2862 2863
1183 2864 2864
1184 2865 2865
1185 2866 2868
1186 2869 2870
1187 2871 2872
1188 2873 2874
1189 2875 2876
1190 2877 2880
1191 2881 2882
1192 2883 2883
1193 2884 2887
1194 2888 2889
1195 2890 2890
1196 2891 2893
1197 2894 2895
1198 2896 2896
1199 2897 2899
1200 2900 2900
1201 2901 2902
1202 2903 2905
1203 2906 2907
1204 2908 2911
1205 2912 2913
1206 2914 2916
1207 2917 2918
1208 2919 2919
1209 2920 2923
1210 2924 2924
1211 2925 2926
1212 2927 2930
1213 2931 2932
1214 2933 2934
1215 2935 2936
1216 2937 2938
1217 2939 2942
1218 2943 2943
1219 2944 2944
1220 2945 2945
1221 2946 2948
1222 2949 2951
1223 2952 2955
1224 2956 2958
1225 2959 2959
1226 2960 2963
1227 2964 2965
1228 2966 2968
1229 2969 2971
1230 2972 2972
1231 2973 2975
1232 2976 2978
1233 2979 2981
1234 2982 2985
1235 2986 2989
1236 2990 2990
1237 2991 2991
1238 2992 2994
1239 2995 2997
1240 2998 2998
1241 2999 3002
1242 3003 3004
1243 3005 3008
1244 3009 3011
1245 3012 3013
1246 3014 3015
1247 3016 3016
1248 3017 3017
1249 3018 3019
1250 3020 3021
1251 3022 3023
1252 3024 3027
1253 3028 3028
1254 3029 3032
1255 3033 3033
1256 3034 3036
1257 3037 3037
1258 3038 3039
1259 3040 3042
1260 3043 3043
1261 3044 3046
1262 3047 3048
1263 3049 3051
1264 3052 3055
1265 3056 3056
1266 3057 3060
1267 3061 3063
1268 3064 3067
1269 3068 3068
1270 3069 3071
1271 3072 3073
1272 3074 3077
1273 3078 3078
1274 3079 3079
1275 3080 3080
1276 3081 3083
1277 3084 3086
1278 3087 3088
1279 3089 3092
1280 3093 3094
1281 3095 3096
1282 3097 3100
1283 3101 3103
1284 3104 3107
1285 3108 3111
1286 3112 3115
1287 3116 3118
1288 3119 3122
1289 3123 3126
1290 3127 3127
1291 3128 3128
1292 3129 3131
1293 3132 3135
1294 3136 3138
1295 3139 3142
1296 3143 3146
1297 3147 3147
1298 3148 3149
1299 3150 3152
1300 3153 3153
1301 3154 3155
1302 3156 3158
1303 3159 3159
1304 3160 3161
1305 3162 3165
1306 3166 3166
1307 3167 3170
1308 3171 3173
1309 3174 3174
1310 3175 3175
1311 3176 3179
1312 3180 3183
1313 3184 3186
1314 3187 3188
1315 3189 3190
1316 3191 3191
1317 3192 3195
1318 3196 3199
1319 3200 3201
1320 3202 3204
1321 3205 3205
1322 3206 3209
1323 3210 3211
1324 3212 3214
1325 3215 3217
1326 3218 3219
1327 3220 3222
1328 3223 3223
1329 3224 3224
1330 3225 3227
1331 3228 3230
1332 3231 3234
1333 3235 3237
1334 3238 3241
1335 3242 3244
1336 3245 3245
1337 3246 3249
1338 3250 3253
1339 3254 3254
1340 3255 3257
1341 3258 3259
1342 3260 3260
1343 3261 3262
1344 3263 3265
1345 3266 3268
1346 3269 3272
1347 3273 3275
1348 3276 3278
1349 3279 3279
1350 3280 3280
1351 3281 3282
1352 3283 3285
1353 3286 3289
1354 3290 3290
1355 3291 3292
1356 3293 3295
1357 3296 3297
1358 3298 3299
1359 3300 3301
1360 3302 3303
1361 3304 3307
1362 3308 3310
1363 3311 3313
1364 3314 3316
1365 3317 3317
1366 3318 3320
1367 3321 3321
1368 3322 3324
1369 3325 3326
1370 3327 3329
1371 3330 3331
1372 3332 3334
1373 3335 3338
1374 3339 3340
1375 3341 3343
1376 3344 3346
1377 3347 3350
1378 3351 3352
1379 3353 3356
1380 3357 3359
1381 3360 3360
1382 3361 3362
1383 3363 3364
1384 3365 3366
1385 3367 3369
1386 3370 3373
1387 3374 3376
1388 3377 3379
1389 3380 3382
1390 3383 3386
1391 3387 3388
1392 3389 3389
1393 3390 3391
1394 3392 3392
1395 3393 3396
1396 3397 3398
1397 3399 3401
1398 3402 3404
1399 3405 3407
1400 3408 3410
1401 3411 3413
1402 3414 3416
1403 3417 3418
1404 3419 3420
1405 3421 3424
1406 3425 3428
1407 3429 3432
1408 3433 3433
1409 3434 3437
1410 3438 3441
1411 3442 3443
1412 3444 3447
1413 3448 3448
1414 3449 3450
1415 3451 3453
1416 3454 3455
1417 3456 3459
1418 3460 3460
1419 3461 3464
1420 3465 3468
1421 3469 3471
1422 3472 3472
1423 3473 3474
1424 3475 3476
1425 3477 3477
1426 3478 3479
1427 3480 3483
1428 3484 3487
1429 3488 3489
1430 3490 3491
1431 3492 3492
1432 3493 3493
1433 3494 3495
1434 3496 3498
1435 3499 3501
1436 3502 3502
1437 3503 3506
1438 3507 3509
1439 3510 3510
1440 3511 3511
1441 3512 3512
1442 3513 3513
1443 3514 3515
1444 3516 3519
1445 3520 3520
1446 3521 3522
1447 3523 3525
1448 3526 3527
1449 3528 3528
1450 3529 3531
1451 3532 3534
1452 3535 3537
1453 3538 3539
1454 3540 3543
1455 3544 3546
1456 3547 3550
1457 3551 3554
1458 3555 3555
1459 3556 3559
1460 3560 3563
1461 3564 3565
1462 3566 3568
1463 3569 3572
1464 3573 3574
1465 3575 3578
1466 3579 3579
1467 3580 3581
1468 3582 3582
1469 3583 3584
1470 3585 3587
1471 3588 3588
1472 3589 3592
1473 3593 3595
1474 3596 3596
1475 3597 3597
1476 3598 3599
1477 3600 3601
1478 3602 3605
1479 3606 3609
1480 3610 3612
1481 3613 3615
1482 3616 3619
1483 3620 3623
1484 3624 3624
1485 3625 3625
1486 3626 3627
1487 3628 3628
1488 3629 3629
1489 3630 3632
1490 3633 3636
1491 3637 3639
1492 3640 3642
1493 3643 3645
1494 3646 3649
1495 3650 3653
1496 3654 3656
1497 3657 3658
1498 3659 3661
1499 3662 3662
1500 3663 3664
1501 3665 3667
1502 3668 3671
1503 3672 3675
1504 3676 3676
1505 3677 3680
1506 3681 3681
1507 3682 3682
1508 3683 3685
1509 3686 3688
1510 3689 3691
1511 3692 3693
1512 3694 3697
1513 3698 3701
1514 3702 3704
1515 3705 3705
1516 3706 3706
1517 3707 3709
1518 3710 3711
1519 3712 3713
1520 3714 3715
1521 3716 3716
1522 3717 3720
1523 3721 3722
1524 3723 3726
1525 3727 3727
1526 3728 3731
1527 3732 3733
1528 3734 3735
1529 3736 3738
1530 3739 3739
1531 3740 3743
1532 3744 3747
1533 3748 3750
1534 3751 3752
1535 3753 3753
1536 3754 3757
1537 3758 3760
1538 3761 3761
1539 3762 3764
1540 3765 3765
1541 3766 3769
1542 3770 3773
1543 3774 3774
1544 3775 3778
1545 3779 3781
1546 3782 3782
1547 3783 3784
1548 3785 3787
1549 3788 3790
1550 3791 3793
1551 3794 3795
1552 3796 3798
1553 3799 3800
1554 3801 3804
1555 3805 3806
1556 3807 3807
1557 3808 3811
1558 3812 3813
1559 3814 3814
1560 3815 3815
1561 3816 3818
1562 3819 3821
1563 3822 3823
1564 3824 3827
1565 3828 3829
1566 3830 3832
1567 3833 3834
1568 3835 3836
1569 3837 3840
1570 3841 3843
1571 3844 3847
1572 3848 3849
1573 3850 3851
1574 3852 3854
1575 3855 3855
1576 3856 3856
1577 3857 3858
1578 3859 3861
1579 3862 3865
1580 3866 3868
1581 3869 3872
1582 3873 3873
1583 3874 3875
1584 3876 3878
1585 3879 3881
1586 3882 3884
1587 3885 3888
1588 3889 3891
1589 3892 3894
1590 3895 3898
1591 3899 3900
1592 3901 3902
1593 3903 3903
1594 3904 3905
1595 3906 3908
1596 3909 3910
1597 3911 3911
1598 3912 3914
1599 3915 3916